City ID,Experience ID,Question 1,Question 2,Question 3,Question 4,Question 5,Question 6,Question 7,Question 8,Question 9
1,1,1.0,0.5,1.0,0.5,1.0,1.0,0.5,0.5,1.0
1,2,0.5,1.0,0.5,1.0,1.0,0.5,0.5,0.0,0.5
1,3,1.0,1.0,1.0,1.0,1.0,0.5,0.5,1.0,1.0
1,4,0.0,0.5,1.0,0.0,0.5,1.0,1.0,0.5,0.0
1,5,0.5,1.0,0.0,1.0,1.0,0.5,0.0,1.0,1.0
1,6,1.0,0.5,0.5,0.0,1.0,1.0,1.0,1.0,0.5
1,7,1.0,0.0,1.0,0.5,0.5,0.5,0.0,0.5,1.0
1,8,0.5,1.0,0.5,1.0,1.0,0.5,0.5,0.0,1.0
1,9,0.5,0.5,0.5,0.0,1.0,1.0,1.0,0.5,0.0
1,10,1.0,1.0,0.5,1.0,1.0,0.0,0.5,1.0,1.0
2,11,1.0,1.0,1.0,0.5,1.0,0.5,0.5,1.0,1.0
2,12,0.5,1.0,0.5,1.0,1.0,0.0,0.0,0.5,0.5
2,13,1.0,1.0,1.0,0.5,1.0,1.0,1.0,0.5,1.0
2,14,0.5,0.5,1.0,0.0,1.0,0.5,0.0,0.5,0.0
2,15,1.0,1.0,0.5,0.5,1.0,1.0,0.5,1.0,0.5
2,16,1.0,1.0,1.0,0.5,1.0,0.0,0.0,1.0,1.0
2,17,0.5,0.5,0.5,1.0,1.0,1.0,0.5,0.5,0.5
2,18,1.0,0.5,0.5,0.0,1.0,1.0,1.0,0.5,1.0
2,19,0.5,1.0,0.5,0.0,1.0,0.5,0.0,0.5,0.5
2,20,1.0,1.0,1.0,1.0,1.0,1.0,1.0,1.0,1.0
